G3dErrFileVersion 2018P3.1
FlagFileMetaData Begin
   Mesh Size - Setup1, Refinement, Pass #1, Freq. 3.000000e+10 :Title    
   Listing of mesh elements with poor quality. :ToolTip  
   hf3d :Author   
   1742069768 :TimeStamp
FlagFileMetaData End
BEGIN_ERR 
26 Small mesh segment detected on body : un_named
 Small mesh segment detected on body : un_named 
 Segment Statistics - Number of Segments : 1 --- Segment length(s) : 0.109944mm. The cutoff frequency for S-Matrix Only Solve is 6.66205462222222MHz 
2 -1  185  # nfids, fids[]
2 180  -1  # nbids, bids[]
      4 2 1 0 #ntets ntri ned npts
           4.4564491948769941e+01   2.3349367371047594e+00   2.0131187281549057e+00 #xyz tv0
           4.5000000000000000e+01   2.4775000000000000e+00   2.5846274423599254e+00 #xyz tv1
           4.5000000000000000e+01   2.5950000000000002e+00   2.3392548847198502e+00 #xyz tv2
           4.5000000000000000e+01   2.5042522321428575e+00   2.2771862907859775e+00 -1 180 #xyz tv3 fid bid
           4.5000000000000000e+01   2.5042522321428575e+00   2.2771862907859775e+00 #xyz tv0
           4.5334537793222623e+01   2.4687117557090126e+00   2.2304133142968192e+00 #xyz tv1
           4.5000000000000000e+01   2.4775000000000000e+00   2.5846274423599254e+00 #xyz tv2
           4.5000000000000000e+01   2.5950000000000002e+00   2.3392548847198502e+00 -1 180 #xyz tv3 fid bid
           4.4564491948769941e+01   2.3349367371047594e+00   2.0131187281549057e+00 #xyz tv0
           4.5000000000000000e+01   2.5042522321428575e+00   2.2771862907859775e+00 #xyz tv1
           4.5000000000000000e+01   2.5950000000000002e+00   2.3392548847198502e+00 #xyz tv2
           4.5000000000000000e+01   2.8300000000000005e+00   2.1756731796264654e+00 -1 180 #xyz tv3 fid bid
           4.5000000000000000e+01   2.5950000000000002e+00   2.3392548847198502e+00 #xyz tv0
           4.5334537793222623e+01   2.4687117557090126e+00   2.2304133142968192e+00 #xyz tv1
           4.5000000000000000e+01   2.8300000000000005e+00   2.1756731796264654e+00 #xyz tv2
           4.5000000000000000e+01   2.5042522321428575e+00   2.2771862907859775e+00 -1 180 #xyz tv3 fid bid
           4.5000000000000000e+01   2.5950000000000002e+00   2.3392548847198502e+00 #xyz tv0
           4.5000000000000000e+01   2.8300000000000005e+00   2.1756731796264654e+00 #xyz tv1
           4.5000000000000000e+01   2.5042522321428575e+00   2.2771862907859775e+00 185 -1 #xyz tv2 fid bid
           4.5000000000000000e+01   2.5042522321428575e+00   2.2771862907859775e+00 #xyz tv0
           4.5000000000000000e+01   2.4775000000000000e+00   2.5846274423599254e+00 #xyz tv1
           4.5000000000000000e+01   2.5950000000000002e+00   2.3392548847198502e+00 185 -1 #xyz tv2 fid bid
           4.5000000000000000e+01   2.5042522321428575e+00   2.2771862907859775e+00 #xyz ev0
           4.5000000000000000e+01   2.5950000000000002e+00   2.3392548847198502e+00 -1 180 #xyz ev1 fid bid
   0   0.000000000000e+00   0.000000000000e+00   0.000000000000e+00 #flag location
END_ERR 
BEGIN_ERR 
26 Small mesh segment detected on body : un_named
 Small mesh segment detected on body : un_named 
 Segment Statistics - Number of Segments : 1 --- Segment length(s) : 0.117533mm. The cutoff frequency for S-Matrix Only Solve is 6.66205462222222MHz 
2 -1  10  # nfids, fids[]
2 180  -1  # nbids, bids[]
      4 2 1 0 #ntets ntri ned npts
           3.4309874779251603e-01   1.9234329560964203e+00   9.4086397805454491e-01 #xyz tv0
           0.0000000000000000e+00   1.8840227588872207e+00   5.8749999999999991e-01 #xyz tv1
           0.0000000000000000e+00   2.0405206434324774e+00   7.0499999999999996e-01 #xyz tv2
           0.0000000000000000e+00   1.8812419217335798e+00   7.0499999999999996e-01 -1 180 #xyz tv3 fid bid
           0.0000000000000000e+00   1.8840227588872207e+00   5.8749999999999991e-01 #xyz tv0
           0.0000000000000000e+00   1.8812419217335798e+00   7.0499999999999996e-01 #xyz tv1
          -7.7043004557142625e-01   1.8418293208057124e+00   5.8368183266766716e-01 #xyz tv2
           0.0000000000000000e+00   2.0405206434324774e+00   7.0499999999999996e-01 -1 180 #xyz tv3 fid bid
           3.4309874779251603e-01   1.9234329560964203e+00   9.4086397805454491e-01 #xyz tv0
           0.0000000000000000e+00   1.8840227588872207e+00   5.8749999999999991e-01 #xyz tv1
           0.0000000000000000e+00   1.8812419217335798e+00   7.0499999999999996e-01 #xyz tv2
           0.0000000000000000e+00   1.7275248743419636e+00   4.6999999999999997e-01 -1 180 #xyz tv3 fid bid
           0.0000000000000000e+00   1.8840227588872207e+00   5.8749999999999991e-01 #xyz tv0
          -7.7043004557142625e-01   1.8418293208057124e+00   5.8368183266766716e-01 #xyz tv1
           0.0000000000000000e+00   1.8812419217335798e+00   7.0499999999999996e-01 #xyz tv2
           0.0000000000000000e+00   1.7275248743419636e+00   4.6999999999999997e-01 -1 180 #xyz tv3 fid bid
           0.0000000000000000e+00   1.8840227588872207e+00   5.8749999999999991e-01 #xyz tv0
           0.0000000000000000e+00   2.0405206434324774e+00   7.0499999999999996e-01 #xyz tv1
           0.0000000000000000e+00   1.8812419217335798e+00   7.0499999999999996e-01 10 -1 #xyz tv2 fid bid
           0.0000000000000000e+00   1.8840227588872207e+00   5.8749999999999991e-01 #xyz tv0
           0.0000000000000000e+00   1.8812419217335798e+00   7.0499999999999996e-01 #xyz tv1
           0.0000000000000000e+00   1.7275248743419636e+00   4.6999999999999997e-01 10 -1 #xyz tv2 fid bid
           0.0000000000000000e+00   1.8812419217335798e+00   7.0499999999999996e-01 #xyz ev0
           0.0000000000000000e+00   1.8840227588872207e+00   5.8749999999999991e-01 -1 180 #xyz ev1 fid bid
   0   0.000000000000e+00   0.000000000000e+00   0.000000000000e+00 #flag location
END_ERR 
G3dErrFileVersion 2018P3.1
FlagFileMetaData Begin
   Mesh Size - Setup1, Refinement, Pass #2, Freq. 3.000000e+10 :Title    
   Listing of mesh elements with poor quality. :ToolTip  
   hf3d :Author   
   1742069773 :TimeStamp
FlagFileMetaData End
BEGIN_ERR 
26 Small mesh segment detected on body : un_named
 Small mesh segment detected on body : un_named 
 Segment Statistics - Number of Segments : 1 --- Segment length(s) : 0.147756mm. The cutoff frequency for S-Matrix Only Solve is 6.66205462222222MHz 
2 -1  185  # nfids, fids[]
2 180  -1  # nbids, bids[]
      5 2 1 0 #ntets ntri ned npts
           4.4277357130144402e+01   1.9299765968715916e+00   1.8328988862570479e+00 #xyz tv0
           4.5000000000000000e+01   2.0332936796227443e+00   1.6627760225676456e+00 #xyz tv1
           4.5000000000000000e+01   1.9030555555555599e+00   1.7325614747462799e+00 #xyz tv2
           4.5000000000000000e+01   1.9227244906879200e+00   1.9602785976281820e+00 -1 180 #xyz tv3 fid bid
           4.5000000000000000e+01   1.9030555555555599e+00   1.7325614747462799e+00 #xyz tv0
           4.5668146995879667e+01   1.9421531998557313e+00   1.7488914645043252e+00 #xyz tv1
           4.5000000000000000e+01   1.9227244906879200e+00   1.9602785976281820e+00 #xyz tv2
           4.5000000000000000e+01   2.0332936796227443e+00   1.6627760225676456e+00 -1 180 #xyz tv3 fid bid
           4.4277357130144402e+01   1.9299765968715916e+00   1.8328988862570479e+00 #xyz tv0
           4.4697543457555469e+01   1.5750828114475934e+00   1.6258382776166425e+00 #xyz tv1
           4.5000000000000000e+01   1.9030555555555599e+00   1.7325614747462799e+00 #xyz tv2
           4.5000000000000000e+01   2.0332936796227443e+00   1.6627760225676456e+00 -1 180 #xyz tv3 fid bid
           4.5668146995879667e+01   1.9421531998557313e+00   1.7488914645043252e+00 #xyz tv0
           4.5000000000000000e+01   1.9030555555555599e+00   1.7325614747462799e+00 #xyz tv1
           4.5000000000000000e+01   1.6674338624338612e+00   1.4674453910515619e+00 #xyz tv2
           4.5000000000000000e+01   2.0332936796227443e+00   1.6627760225676456e+00 -1 180 #xyz tv3 fid bid
           4.5000000000000000e+01   1.6674338624338612e+00   1.4674453910515619e+00 #xyz tv0
           4.5000000000000000e+01   1.9030555555555599e+00   1.7325614747462799e+00 #xyz tv1
           4.4697543457555469e+01   1.5750828114475934e+00   1.6258382776166425e+00 #xyz tv2
           4.5000000000000000e+01   2.0332936796227443e+00   1.6627760225676456e+00 -1 180 #xyz tv3 fid bid
           4.5000000000000000e+01   1.9030555555555599e+00   1.7325614747462799e+00 #xyz tv0
           4.5000000000000000e+01   1.9227244906879200e+00   1.9602785976281820e+00 #xyz tv1
           4.5000000000000000e+01   2.0332936796227443e+00   1.6627760225676456e+00 185 -1 #xyz tv2 fid bid
           4.5000000000000000e+01   1.6674338624338612e+00   1.4674453910515619e+00 #xyz tv0
           4.5000000000000000e+01   1.9030555555555599e+00   1.7325614747462799e+00 #xyz tv1
           4.5000000000000000e+01   2.0332936796227443e+00   1.6627760225676456e+00 185 -1 #xyz tv2 fid bid
           4.5000000000000000e+01   2.0332936796227443e+00   1.6627760225676456e+00 #xyz ev0
           4.5000000000000000e+01   1.9030555555555599e+00   1.7325614747462799e+00 -1 180 #xyz ev1 fid bid
   0   0.000000000000e+00   0.000000000000e+00   0.000000000000e+00 #flag location
END_ERR 
BEGIN_ERR 
26 Small mesh segment detected on body : un_named
 Small mesh segment detected on body : un_named 
 Segment Statistics - Number of Segments : 1 --- Segment length(s) : 0.157457mm. The cutoff frequency for S-Matrix Only Solve is 6.66205462222222MHz 
3 -1  183  185  # nfids, fids[]
2 180  -1  # nbids, bids[]
      6 2 1 0 #ntets ntri ned npts
           4.4726533860882576e+01   1.2590212860809875e+00   2.8300000000000005e+00 #xyz tv0
           4.5000000000000000e+01   9.5000000000000007e-01   2.8300000000000005e+00 #xyz tv1
           4.5000000000000000e+01   9.5000000000000007e-01   2.6725430273138189e+00 #xyz tv2
           4.4369021996520992e+01   9.5000000000000007e-01   2.8300000000000005e+00 -1 180 #xyz tv3 fid bid
           4.4726533860882576e+01   1.2590212860809875e+00   2.8300000000000005e+00 #xyz tv0
           4.5000000000000000e+01   9.5000000000000007e-01   2.6725430273138189e+00 #xyz tv1
           4.5000000000000000e+01   9.5000000000000007e-01   2.8300000000000005e+00 #xyz tv2
           4.5000000000000000e+01   1.3612500000000001e+00   2.8300000000000005e+00 -1 180 #xyz tv3 fid bid
           4.4889822812339816e+01   1.4988827820932737e-01   2.9972031262059007e+00 #xyz tv0
           4.4369021996520992e+01   9.5000000000000007e-01   2.8300000000000005e+00 #xyz tv1
           4.5000000000000000e+01   9.5000000000000007e-01   2.6725430273138189e+00 #xyz tv2
           4.5000000000000000e+01   9.5000000000000007e-01   2.8300000000000005e+00 -1 180 #xyz tv3 fid bid
           4.5000000000000000e+01   9.5000000000000007e-01   2.8300000000000005e+00 #xyz tv0
           4.5000000000000000e+01   9.5000000000000007e-01   2.6725430273138189e+00 #xyz tv1
           4.5757240832246424e+01   1.4099291561050067e+00   2.8556222971928547e+00 #xyz tv2
           4.5000000000000000e+01   1.3612500000000001e+00   2.8300000000000005e+00 -1 180 #xyz tv3 fid bid
           4.5000000000000000e+01   9.5000000000000007e-01   2.6725430273138189e+00 #xyz tv0
           4.5496661176504126e+01   6.4308609215132084e-01   2.8864462310736121e+00 #xyz tv1
           4.4889822812339816e+01   1.4988827820932737e-01   2.9972031262059007e+00 #xyz tv2
           4.5000000000000000e+01   9.5000000000000007e-01   2.8300000000000005e+00 -1 180 #xyz tv3 fid bid
           4.5000000000000000e+01   9.5000000000000007e-01   2.8300000000000005e+00 #xyz tv0
           4.5757240832246424e+01   1.4099291561050067e+00   2.8556222971928547e+00 #xyz tv1
           4.5000000000000000e+01   9.5000000000000007e-01   2.6725430273138189e+00 #xyz tv2
           4.5496661176504126e+01   6.4308609215132084e-01   2.8864462310736121e+00 -1 180 #xyz tv3 fid bid
           4.4369021996520992e+01   9.5000000000000007e-01   2.8300000000000005e+00 #xyz tv0
           4.5000000000000000e+01   9.5000000000000007e-01   2.8300000000000005e+00 #xyz tv1
           4.5000000000000000e+01   9.5000000000000007e-01   2.6725430273138189e+00 183 -1 #xyz tv2 fid bid
           4.5000000000000000e+01   1.3612500000000001e+00   2.8300000000000005e+00 #xyz tv0
           4.5000000000000000e+01   9.5000000000000007e-01   2.6725430273138189e+00 #xyz tv1
           4.5000000000000000e+01   9.5000000000000007e-01   2.8300000000000005e+00 185 -1 #xyz tv2 fid bid
           4.5000000000000000e+01   9.5000000000000007e-01   2.8300000000000005e+00 #xyz ev0
           4.5000000000000000e+01   9.5000000000000007e-01   2.6725430273138189e+00 -1 180 #xyz ev1 fid bid
   0   0.000000000000e+00   0.000000000000e+00   0.000000000000e+00 #flag location
END_ERR 
