G3dErrFileVersion 2018P3.1
FlagFileMetaData Begin
   Mesh Size - Setup1, Refinement, Pass #1, Freq. 3.000000e+10 :Title    
   Listing of mesh elements with poor quality. :ToolTip  
   hf3d :Author   
   1742063507 :TimeStamp
FlagFileMetaData End
BEGIN_ERR 
26 Small mesh segment detected on body : wg_cavity1_1
 Small mesh segment detected on body : wg_cavity1_1 
 Segment Statistics - Number of Segments : 1 --- Segment length(s) : 0.672044mm. The cutoff frequency for S-Matrix Only Solve is 9.99308193333333MHz 
2 -1  94  # nfids, fids[]
2 92  -1  # nbids, bids[]
      7 2 1 0 #ntets ntri ned npts
           1.9838340283856617e+01   3.8299843792242627e-01   4.8026696521257423e-01 #xyz tv0
           1.9687500000000000e+01   0.0000000000000000e+00   0.0000000000000000e+00 #xyz tv1
           2.0336806672414124e+01   0.0000000000000000e+00   4.5910039619085391e-01 #xyz tv2
           1.9834459584587101e+01   6.5577872881317933e-01   0.0000000000000000e+00 -1 92 #xyz tv3 fid bid
           2.0336806672414124e+01   0.0000000000000000e+00   4.5910039619085391e-01 #xyz tv0
           1.9834459584587101e+01   6.5577872881317933e-01   0.0000000000000000e+00 #xyz tv1
           1.9687500000000000e+01   0.0000000000000000e+00   0.0000000000000000e+00 #xyz tv2
           2.0625000000000000e+01   0.0000000000000000e+00   0.0000000000000000e+00 -1 92 #xyz tv3 fid bid
           1.9838340283856617e+01   3.8299843792242627e-01   4.8026696521257423e-01 #xyz tv0
           1.9233618558837716e+01   6.8285499274554007e-01   4.5635246276414443e-01 #xyz tv1
           1.9687500000000000e+01   0.0000000000000000e+00   0.0000000000000000e+00 #xyz tv2
           1.9834459584587101e+01   6.5577872881317933e-01   0.0000000000000000e+00 -1 92 #xyz tv3 fid bid
           1.9834459584587101e+01   6.5577872881317933e-01   0.0000000000000000e+00 #xyz tv0
           2.0435186060264083e+01   4.3622234644478275e-01  -4.2312495829496399e-01 #xyz tv1
           1.9687500000000000e+01   0.0000000000000000e+00   0.0000000000000000e+00 #xyz tv2
           2.0625000000000000e+01   0.0000000000000000e+00   0.0000000000000000e+00 -1 92 #xyz tv3 fid bid
           1.9032028590430080e+01   6.4812147577516288e-01   0.0000000000000000e+00 #xyz tv0
           1.9687500000000000e+01   0.0000000000000000e+00   0.0000000000000000e+00 #xyz tv1
           1.9233618558837716e+01   6.8285499274554007e-01   4.5635246276414443e-01 #xyz tv2
           1.9834459584587101e+01   6.5577872881317933e-01   0.0000000000000000e+00 -1 92 #xyz tv3 fid bid
           1.9834459584587101e+01   6.5577872881317933e-01   0.0000000000000000e+00 #xyz tv0
           1.9687500000000000e+01   0.0000000000000000e+00   0.0000000000000000e+00 #xyz tv1
           2.0435186060264083e+01   4.3622234644478275e-01  -4.2312495829496399e-01 #xyz tv2
           1.9468149601018467e+01  -1.8900000000000006e-01  -9.4000000000000006e-01 -1 92 #xyz tv3 fid bid
           1.9468149601018467e+01  -1.8900000000000006e-01  -9.4000000000000006e-01 #xyz tv0
           1.9687500000000000e+01   0.0000000000000000e+00   0.0000000000000000e+00 #xyz tv1
           1.9032028590430080e+01   6.4812147577516288e-01   0.0000000000000000e+00 #xyz tv2
           1.9834459584587101e+01   6.5577872881317933e-01   0.0000000000000000e+00 -1 92 #xyz tv3 fid bid
           1.9687500000000000e+01   0.0000000000000000e+00   0.0000000000000000e+00 #xyz tv0
           1.9834459584587101e+01   6.5577872881317933e-01   0.0000000000000000e+00 #xyz tv1
           2.0625000000000000e+01   0.0000000000000000e+00   0.0000000000000000e+00 94 -1 #xyz tv2 fid bid
           1.9687500000000000e+01   0.0000000000000000e+00   0.0000000000000000e+00 #xyz tv0
           1.9032028590430080e+01   6.4812147577516288e-01   0.0000000000000000e+00 #xyz tv1
           1.9834459584587101e+01   6.5577872881317933e-01   0.0000000000000000e+00 94 -1 #xyz tv2 fid bid
           1.9687500000000000e+01   0.0000000000000000e+00   0.0000000000000000e+00 #xyz ev0
           1.9834459584587101e+01   6.5577872881317933e-01   0.0000000000000000e+00 -1 92 #xyz ev1 fid bid
   0   0.000000000000e+00   0.000000000000e+00   0.000000000000e+00 #flag location
END_ERR 
G3dErrFileVersion 2018P3.1
FlagFileMetaData Begin
   Mesh Size - Setup1, Refinement, Pass #2, Freq. 3.000000e+10 :Title    
   Listing of mesh elements with poor quality. :ToolTip  
   hf3d :Author   
   1742063511 :TimeStamp
FlagFileMetaData End
BEGIN_ERR 
26 Small mesh segment detected on body : wg_cavity1_1
 Small mesh segment detected on body : wg_cavity1_1 
 Segment Statistics - Number of Segments : 1 --- Segment length(s) : 0.980045mm. The cutoff frequency for S-Matrix Only Solve is 9.99308193333333MHz 
2 -1  94  # nfids, fids[]
2 92  -1  # nbids, bids[]
      4 2 1 0 #ntets ntri ned npts
           2.4575829991690142e+01   2.2358427793520188e+00   4.7995501820327757e-01 #xyz tv0
           2.4103868079863915e+01   2.3378559117325133e+00   0.0000000000000000e+00 #xyz tv1
           2.4657681840132764e+01   1.6653793577026752e+00   0.0000000000000000e+00 #xyz tv2
           2.5083702937955337e+01   2.3175644836703380e+00   0.0000000000000000e+00 -1 92 #xyz tv3 fid bid
           2.4566290499503175e+01   2.8532384191058875e+00   0.0000000000000000e+00 #xyz tv0
           2.5083702937955337e+01   2.3175644836703380e+00   0.0000000000000000e+00 #xyz tv1
           2.5136024857906968e+01   2.2547628243669022e+00  -3.1887093560520668e-01 #xyz tv2
           2.4103868079863915e+01   2.3378559117325133e+00   0.0000000000000000e+00 -1 92 #xyz tv3 fid bid
           2.5083702937955337e+01   2.3175644836703380e+00   0.0000000000000000e+00 #xyz tv0
           2.5136024857906968e+01   2.2547628243669022e+00  -3.1887093560520668e-01 #xyz tv1
           2.4103868079863915e+01   2.3378559117325133e+00   0.0000000000000000e+00 #xyz tv2
           2.4657681840132764e+01   1.6653793577026752e+00   0.0000000000000000e+00 -1 92 #xyz tv3 fid bid
           2.4575829991690142e+01   2.2358427793520188e+00   4.7995501820327757e-01 #xyz tv0
           2.4566290499503175e+01   2.8532384191058875e+00   0.0000000000000000e+00 #xyz tv1
           2.4103868079863915e+01   2.3378559117325133e+00   0.0000000000000000e+00 #xyz tv2
           2.5083702937955337e+01   2.3175644836703380e+00   0.0000000000000000e+00 -1 92 #xyz tv3 fid bid
           2.5083702937955337e+01   2.3175644836703380e+00   0.0000000000000000e+00 #xyz tv0
           2.4657681840132764e+01   1.6653793577026752e+00   0.0000000000000000e+00 #xyz tv1
           2.4103868079863915e+01   2.3378559117325133e+00   0.0000000000000000e+00 94 -1 #xyz tv2 fid bid
           2.4566290499503175e+01   2.8532384191058875e+00   0.0000000000000000e+00 #xyz tv0
           2.5083702937955337e+01   2.3175644836703380e+00   0.0000000000000000e+00 #xyz tv1
           2.4103868079863915e+01   2.3378559117325133e+00   0.0000000000000000e+00 94 -1 #xyz tv2 fid bid
           2.4103868079863915e+01   2.3378559117325133e+00   0.0000000000000000e+00 #xyz ev0
           2.5083702937955337e+01   2.3175644836703380e+00   0.0000000000000000e+00 -1 92 #xyz ev1 fid bid
   0   0.000000000000e+00   0.000000000000e+00   0.000000000000e+00 #flag location
END_ERR 
G3dErrFileVersion 2018P3.1
FlagFileMetaData Begin
   Mesh Size - Setup1, Refinement, Pass #1, Freq. 3.000000e+10 :Title    
   Listing of mesh elements with poor quality. :ToolTip  
   hf3d :Author   
   1742063545 :TimeStamp
FlagFileMetaData End
BEGIN_ERR 
26 Small mesh segment detected on body : wg_cavity1_1
 Small mesh segment detected on body : wg_cavity1_1 
 Segment Statistics - Number of Segments : 1 --- Segment length(s) : 0.963353mm. The cutoff frequency for S-Matrix Only Solve is 9.99308193333333MHz 
2 -1  94  # nfids, fids[]
2 92  -1  # nbids, bids[]
      6 2 1 0 #ntets ntri ned npts
           1.5457142508432890e+01   2.5241585673906268e+00   0.0000000000000000e+00 #xyz tv0
           1.5461967093070434e+01   2.6106298383728901e+00   4.4784137024032317e-01 #xyz tv1
           1.5883120271791469e+01   3.1708738500522307e+00   0.0000000000000000e+00 #xyz tv2
           1.5926271457278977e+01   2.2084876289078013e+00   0.0000000000000000e+00 -1 92 #xyz tv3 fid bid
           1.5457142508432890e+01   2.5241585673906268e+00   0.0000000000000000e+00 #xyz tv0
           1.5883120271791469e+01   3.1708738500522307e+00   0.0000000000000000e+00 #xyz tv1
           1.6040813411702899e+01   3.1274546073078282e+00  -4.0624641740100048e-01 #xyz tv2
           1.5926271457278977e+01   2.2084876289078013e+00   0.0000000000000000e+00 -1 92 #xyz tv3 fid bid
           1.5926271457278977e+01   2.2084876289078013e+00   0.0000000000000000e+00 #xyz tv0
           1.5883120271791469e+01   3.1708738500522307e+00   0.0000000000000000e+00 #xyz tv1
           1.5918714505214743e+01   2.8828368815683199e+00   4.6892793186741205e-01 #xyz tv2
           1.5461967093070434e+01   2.6106298383728901e+00   4.4784137024032317e-01 -1 92 #xyz tv3 fid bid
           1.5926271457278977e+01   2.2084876289078013e+00   0.0000000000000000e+00 #xyz tv0
           1.5883120271791469e+01   3.1708738500522307e+00   0.0000000000000000e+00 #xyz tv1
           1.6040813411702899e+01   3.1274546073078282e+00  -4.0624641740100048e-01 #xyz tv2
           1.6783095084319314e+01   2.6842920026112616e+00   0.0000000000000000e+00 -1 92 #xyz tv3 fid bid
           1.5926271457278977e+01   2.2084876289078013e+00   0.0000000000000000e+00 #xyz tv0
           1.5918714505214743e+01   2.8828368815683199e+00   4.6892793186741205e-01 #xyz tv1
           1.5883120271791469e+01   3.1708738500522307e+00   0.0000000000000000e+00 #xyz tv2
           1.6287246749203373e+01   2.6800609291102084e+00   4.2939788757681063e-01 -1 92 #xyz tv3 fid bid
           1.6287246749203373e+01   2.6800609291102084e+00   4.2939788757681063e-01 #xyz tv0
           1.5926271457278977e+01   2.2084876289078013e+00   0.0000000000000000e+00 #xyz tv1
           1.6783095084319314e+01   2.6842920026112616e+00   0.0000000000000000e+00 #xyz tv2
           1.5883120271791469e+01   3.1708738500522307e+00   0.0000000000000000e+00 -1 92 #xyz tv3 fid bid
           1.5926271457278977e+01   2.2084876289078013e+00   0.0000000000000000e+00 #xyz tv0
           1.5883120271791469e+01   3.1708738500522307e+00   0.0000000000000000e+00 #xyz tv1
           1.6783095084319314e+01   2.6842920026112616e+00   0.0000000000000000e+00 94 -1 #xyz tv2 fid bid
           1.5457142508432890e+01   2.5241585673906268e+00   0.0000000000000000e+00 #xyz tv0
           1.5883120271791469e+01   3.1708738500522307e+00   0.0000000000000000e+00 #xyz tv1
           1.5926271457278977e+01   2.2084876289078013e+00   0.0000000000000000e+00 94 -1 #xyz tv2 fid bid
           1.5926271457278977e+01   2.2084876289078013e+00   0.0000000000000000e+00 #xyz ev0
           1.5883120271791469e+01   3.1708738500522307e+00   0.0000000000000000e+00 -1 92 #xyz ev1 fid bid
   0   0.000000000000e+00   0.000000000000e+00   0.000000000000e+00 #flag location
END_ERR 
G3dErrFileVersion 2018P3.1
FlagFileMetaData Begin
   Mesh Size - Setup1, Refinement, Pass #2, Freq. 3.000000e+10 :Title    
   Listing of mesh elements with poor quality. :ToolTip  
   hf3d :Author   
   1742063548 :TimeStamp
FlagFileMetaData End
BEGIN_ERR 
26 Small mesh segment detected on body : wg_cavity1_1
 Small mesh segment detected on body : wg_cavity1_1 
 Segment Statistics - Number of Segments : 1 --- Segment length(s) : 0.963353mm. The cutoff frequency for S-Matrix Only Solve is 9.99308193333333MHz 
2 -1  94  # nfids, fids[]
2 92  -1  # nbids, bids[]
      6 2 1 0 #ntets ntri ned npts
           1.5453295009041000e+01   2.5257087791524757e+00   0.0000000000000000e+00 #xyz tv0
           1.5461967093070434e+01   2.6106298383728901e+00   4.4784137024032317e-01 #xyz tv1
           1.5883120271791469e+01   3.1708738500522307e+00   0.0000000000000000e+00 #xyz tv2
           1.5926271457278977e+01   2.2084876289078013e+00   0.0000000000000000e+00 -1 92 #xyz tv3 fid bid
           1.5453295009041000e+01   2.5257087791524757e+00   0.0000000000000000e+00 #xyz tv0
           1.5883120271791469e+01   3.1708738500522307e+00   0.0000000000000000e+00 #xyz tv1
           1.6033055744280645e+01   3.1197161735364056e+00  -4.0229748502767837e-01 #xyz tv2
           1.5926271457278977e+01   2.2084876289078013e+00   0.0000000000000000e+00 -1 92 #xyz tv3 fid bid
           1.5926271457278977e+01   2.2084876289078013e+00   0.0000000000000000e+00 #xyz tv0
           1.5883120271791469e+01   3.1708738500522307e+00   0.0000000000000000e+00 #xyz tv1
           1.5918714505214743e+01   2.8828368815683199e+00   4.6892793186741205e-01 #xyz tv2
           1.5461967093070434e+01   2.6106298383728901e+00   4.4784137024032317e-01 -1 92 #xyz tv3 fid bid
           1.5926271457278977e+01   2.2084876289078013e+00   0.0000000000000000e+00 #xyz tv0
           1.5883120271791469e+01   3.1708738500522307e+00   0.0000000000000000e+00 #xyz tv1
           1.6033055744280645e+01   3.1197161735364056e+00  -4.0229748502767837e-01 #xyz tv2
           1.6713347463074030e+01   2.6122740264652902e+00   0.0000000000000000e+00 -1 92 #xyz tv3 fid bid
           1.5926271457278977e+01   2.2084876289078013e+00   0.0000000000000000e+00 #xyz tv0
           1.5918714505214743e+01   2.8828368815683199e+00   4.6892793186741205e-01 #xyz tv1
           1.5883120271791469e+01   3.1708738500522307e+00   0.0000000000000000e+00 #xyz tv2
           1.6287246749203376e+01   2.6800609291102084e+00   4.2939788757681063e-01 -1 92 #xyz tv3 fid bid
           1.6287246749203376e+01   2.6800609291102084e+00   4.2939788757681063e-01 #xyz tv0
           1.5926271457278977e+01   2.2084876289078013e+00   0.0000000000000000e+00 #xyz tv1
           1.6713347463074030e+01   2.6122740264652902e+00   0.0000000000000000e+00 #xyz tv2
           1.5883120271791469e+01   3.1708738500522307e+00   0.0000000000000000e+00 -1 92 #xyz tv3 fid bid
           1.5926271457278977e+01   2.2084876289078013e+00   0.0000000000000000e+00 #xyz tv0
           1.5883120271791469e+01   3.1708738500522307e+00   0.0000000000000000e+00 #xyz tv1
           1.6713347463074030e+01   2.6122740264652902e+00   0.0000000000000000e+00 94 -1 #xyz tv2 fid bid
           1.5453295009041000e+01   2.5257087791524757e+00   0.0000000000000000e+00 #xyz tv0
           1.5883120271791469e+01   3.1708738500522307e+00   0.0000000000000000e+00 #xyz tv1
           1.5926271457278977e+01   2.2084876289078013e+00   0.0000000000000000e+00 94 -1 #xyz tv2 fid bid
           1.5926271457278977e+01   2.2084876289078013e+00   0.0000000000000000e+00 #xyz ev0
           1.5883120271791469e+01   3.1708738500522307e+00   0.0000000000000000e+00 -1 92 #xyz ev1 fid bid
   0   0.000000000000e+00   0.000000000000e+00   0.000000000000e+00 #flag location
END_ERR 
G3dErrFileVersion 2018P3.1
FlagFileMetaData Begin
   Mesh Size - Setup1, Refinement, Pass #1, Freq. 3.000000e+10 :Title    
   Listing of mesh elements with poor quality. :ToolTip  
   hf3d :Author   
   1742064810 :TimeStamp
FlagFileMetaData End
BEGIN_ERR 
26 Small mesh segment detected on body : wg_cavity1_1
 Small mesh segment detected on body : wg_cavity1_1 
 Segment Statistics - Number of Segments : 1 --- Segment length(s) : 0.963353mm. The cutoff frequency for S-Matrix Only Solve is 9.99308193333333MHz 
2 -1  94  # nfids, fids[]
2 92  -1  # nbids, bids[]
      6 2 1 0 #ntets ntri ned npts
           1.5457142508432890e+01   2.5241585673906268e+00   0.0000000000000000e+00 #xyz tv0
           1.5461967093070434e+01   2.6106298383728901e+00   4.4784137024032317e-01 #xyz tv1
           1.5883120271791469e+01   3.1708738500522307e+00   0.0000000000000000e+00 #xyz tv2
           1.5926271457278977e+01   2.2084876289078013e+00   0.0000000000000000e+00 -1 92 #xyz tv3 fid bid
           1.5457142508432890e+01   2.5241585673906268e+00   0.0000000000000000e+00 #xyz tv0
           1.5883120271791469e+01   3.1708738500522307e+00   0.0000000000000000e+00 #xyz tv1
           1.6040813411702899e+01   3.1274546073078282e+00  -4.0624641740100048e-01 #xyz tv2
           1.5926271457278977e+01   2.2084876289078013e+00   0.0000000000000000e+00 -1 92 #xyz tv3 fid bid
           1.5926271457278977e+01   2.2084876289078013e+00   0.0000000000000000e+00 #xyz tv0
           1.5883120271791469e+01   3.1708738500522307e+00   0.0000000000000000e+00 #xyz tv1
           1.5918714505214743e+01   2.8828368815683199e+00   4.6892793186741205e-01 #xyz tv2
           1.5461967093070434e+01   2.6106298383728901e+00   4.4784137024032317e-01 -1 92 #xyz tv3 fid bid
           1.5926271457278977e+01   2.2084876289078013e+00   0.0000000000000000e+00 #xyz tv0
           1.5883120271791469e+01   3.1708738500522307e+00   0.0000000000000000e+00 #xyz tv1
           1.6040813411702899e+01   3.1274546073078282e+00  -4.0624641740100048e-01 #xyz tv2
           1.6783095084319314e+01   2.6842920026112616e+00   0.0000000000000000e+00 -1 92 #xyz tv3 fid bid
           1.5926271457278977e+01   2.2084876289078013e+00   0.0000000000000000e+00 #xyz tv0
           1.5918714505214743e+01   2.8828368815683199e+00   4.6892793186741205e-01 #xyz tv1
           1.5883120271791469e+01   3.1708738500522307e+00   0.0000000000000000e+00 #xyz tv2
           1.6287246749203373e+01   2.6800609291102084e+00   4.2939788757681063e-01 -1 92 #xyz tv3 fid bid
           1.6287246749203373e+01   2.6800609291102084e+00   4.2939788757681063e-01 #xyz tv0
           1.5926271457278977e+01   2.2084876289078013e+00   0.0000000000000000e+00 #xyz tv1
           1.6783095084319314e+01   2.6842920026112616e+00   0.0000000000000000e+00 #xyz tv2
           1.5883120271791469e+01   3.1708738500522307e+00   0.0000000000000000e+00 -1 92 #xyz tv3 fid bid
           1.5926271457278977e+01   2.2084876289078013e+00   0.0000000000000000e+00 #xyz tv0
           1.5883120271791469e+01   3.1708738500522307e+00   0.0000000000000000e+00 #xyz tv1
           1.6783095084319314e+01   2.6842920026112616e+00   0.0000000000000000e+00 94 -1 #xyz tv2 fid bid
           1.5457142508432890e+01   2.5241585673906268e+00   0.0000000000000000e+00 #xyz tv0
           1.5883120271791469e+01   3.1708738500522307e+00   0.0000000000000000e+00 #xyz tv1
           1.5926271457278977e+01   2.2084876289078013e+00   0.0000000000000000e+00 94 -1 #xyz tv2 fid bid
           1.5926271457278977e+01   2.2084876289078013e+00   0.0000000000000000e+00 #xyz ev0
           1.5883120271791469e+01   3.1708738500522307e+00   0.0000000000000000e+00 -1 92 #xyz ev1 fid bid
   0   0.000000000000e+00   0.000000000000e+00   0.000000000000e+00 #flag location
END_ERR 
G3dErrFileVersion 2018P3.1
FlagFileMetaData Begin
   Mesh Size - Setup1, Refinement, Pass #2, Freq. 3.000000e+10 :Title    
   Listing of mesh elements with poor quality. :ToolTip  
   hf3d :Author   
   1742064813 :TimeStamp
FlagFileMetaData End
BEGIN_ERR 
26 Small mesh segment detected on body : wg_cavity1_1
 Small mesh segment detected on body : wg_cavity1_1 
 Segment Statistics - Number of Segments : 1 --- Segment length(s) : 0.963353mm. The cutoff frequency for S-Matrix Only Solve is 9.99308193333333MHz 
2 -1  94  # nfids, fids[]
2 92  -1  # nbids, bids[]
      6 2 1 0 #ntets ntri ned npts
           1.5453295009041000e+01   2.5257087791524757e+00   0.0000000000000000e+00 #xyz tv0
           1.5461967093070434e+01   2.6106298383728901e+00   4.4784137024032317e-01 #xyz tv1
           1.5883120271791469e+01   3.1708738500522307e+00   0.0000000000000000e+00 #xyz tv2
           1.5926271457278977e+01   2.2084876289078013e+00   0.0000000000000000e+00 -1 92 #xyz tv3 fid bid
           1.5453295009041000e+01   2.5257087791524757e+00   0.0000000000000000e+00 #xyz tv0
           1.5883120271791469e+01   3.1708738500522307e+00   0.0000000000000000e+00 #xyz tv1
           1.6033055744280645e+01   3.1197161735364056e+00  -4.0229748502767837e-01 #xyz tv2
           1.5926271457278977e+01   2.2084876289078013e+00   0.0000000000000000e+00 -1 92 #xyz tv3 fid bid
           1.5926271457278977e+01   2.2084876289078013e+00   0.0000000000000000e+00 #xyz tv0
           1.5883120271791469e+01   3.1708738500522307e+00   0.0000000000000000e+00 #xyz tv1
           1.5918714505214743e+01   2.8828368815683199e+00   4.6892793186741205e-01 #xyz tv2
           1.5461967093070434e+01   2.6106298383728901e+00   4.4784137024032317e-01 -1 92 #xyz tv3 fid bid
           1.5926271457278977e+01   2.2084876289078013e+00   0.0000000000000000e+00 #xyz tv0
           1.5883120271791469e+01   3.1708738500522307e+00   0.0000000000000000e+00 #xyz tv1
           1.6033055744280645e+01   3.1197161735364056e+00  -4.0229748502767837e-01 #xyz tv2
           1.6713347463074030e+01   2.6122740264652902e+00   0.0000000000000000e+00 -1 92 #xyz tv3 fid bid
           1.5926271457278977e+01   2.2084876289078013e+00   0.0000000000000000e+00 #xyz tv0
           1.5918714505214743e+01   2.8828368815683199e+00   4.6892793186741205e-01 #xyz tv1
           1.5883120271791469e+01   3.1708738500522307e+00   0.0000000000000000e+00 #xyz tv2
           1.6287246749203376e+01   2.6800609291102084e+00   4.2939788757681063e-01 -1 92 #xyz tv3 fid bid
           1.6287246749203376e+01   2.6800609291102084e+00   4.2939788757681063e-01 #xyz tv0
           1.5926271457278977e+01   2.2084876289078013e+00   0.0000000000000000e+00 #xyz tv1
           1.6713347463074030e+01   2.6122740264652902e+00   0.0000000000000000e+00 #xyz tv2
           1.5883120271791469e+01   3.1708738500522307e+00   0.0000000000000000e+00 -1 92 #xyz tv3 fid bid
           1.5926271457278977e+01   2.2084876289078013e+00   0.0000000000000000e+00 #xyz tv0
           1.5883120271791469e+01   3.1708738500522307e+00   0.0000000000000000e+00 #xyz tv1
           1.6713347463074030e+01   2.6122740264652902e+00   0.0000000000000000e+00 94 -1 #xyz tv2 fid bid
           1.5453295009041000e+01   2.5257087791524757e+00   0.0000000000000000e+00 #xyz tv0
           1.5883120271791469e+01   3.1708738500522307e+00   0.0000000000000000e+00 #xyz tv1
           1.5926271457278977e+01   2.2084876289078013e+00   0.0000000000000000e+00 94 -1 #xyz tv2 fid bid
           1.5926271457278977e+01   2.2084876289078013e+00   0.0000000000000000e+00 #xyz ev0
           1.5883120271791469e+01   3.1708738500522307e+00   0.0000000000000000e+00 -1 92 #xyz ev1 fid bid
   0   0.000000000000e+00   0.000000000000e+00   0.000000000000e+00 #flag location
END_ERR 
