G3dErrFileVersion 2018P3.1
FlagFileMetaData Begin
   Mesh Size - Setup1, Refinement, Pass #1, Freq. 3.000000e+10 :Title    
   Listing of mesh elements with poor quality. :ToolTip  
   hf3d :Author   
   1742071420 :TimeStamp
FlagFileMetaData End
BEGIN_ERR 
26 Small mesh segment detected on body : Box1
 Small mesh segment detected on body : Box1 
 Segment Statistics - Number of Segments : 1 --- Segment length(s) : 0.062065mm. The cutoff frequency for S-Matrix Only Solve is 8.88010835308057MHz 
2 -1  12  # nfids, fids[]
2 6  -1  # nbids, bids[]
      5 2 1 0 #ntets ntri ned npts
           1.5000000000000000e+01   1.2063333333333301e+00   1.5692777777777802e+00 #xyz tv0
           1.5000000000000000e+01   1.1906666666666668e+00   1.5092222222222222e+00 #xyz tv1
           1.3993879943565254e+01   9.4545117770928044e-01   1.8800000000000001e+00 #xyz tv2
           1.5000000000000000e+01   9.4000000000000006e-01   1.8800000000000001e+00 -1 6 #xyz tv3 fid bid
           1.4517465849906607e+01   1.6197791913664001e+00   1.2893294241331512e+00 #xyz tv0
           1.5000000000000000e+01   1.2063333333333301e+00   1.5692777777777802e+00 #xyz tv1
           1.5000000000000000e+01   1.1906666666666668e+00   1.5092222222222222e+00 #xyz tv2
           1.3993879943565254e+01   9.4545117770928044e-01   1.8800000000000001e+00 -1 6 #xyz tv3 fid bid
           1.5000000000000000e+01   1.2063333333333301e+00   1.5692777777777802e+00 #xyz tv0
           1.5520795801101540e+01   1.0488151049716521e+00   1.7397956058596273e+00 #xyz tv1
           1.5000000000000000e+01   1.1906666666666668e+00   1.5092222222222222e+00 #xyz tv2
           1.5000000000000000e+01   9.4000000000000006e-01   1.8800000000000001e+00 -1 6 #xyz tv3 fid bid
           1.4517465849906607e+01   1.6197791913664001e+00   1.2893294241331512e+00 #xyz tv0
           1.5000000000000000e+01   1.1906666666666668e+00   1.5092222222222222e+00 #xyz tv1
           1.5000000000000000e+01   1.2063333333333301e+00   1.5692777777777802e+00 #xyz tv2
           1.5000000000000000e+01   1.4413333333333334e+00   1.1384444444444446e+00 -1 6 #xyz tv3 fid bid
           1.5000000000000000e+01   1.4413333333333334e+00   1.1384444444444446e+00 #xyz tv0
           1.5000000000000000e+01   1.2063333333333301e+00   1.5692777777777802e+00 #xyz tv1
           1.5520795801101540e+01   1.0488151049716521e+00   1.7397956058596273e+00 #xyz tv2
           1.5000000000000000e+01   1.1906666666666668e+00   1.5092222222222222e+00 -1 6 #xyz tv3 fid bid
           1.5000000000000000e+01   1.2063333333333301e+00   1.5692777777777802e+00 #xyz tv0
           1.5000000000000000e+01   1.1906666666666668e+00   1.5092222222222222e+00 #xyz tv1
           1.5000000000000000e+01   9.4000000000000006e-01   1.8800000000000001e+00 12 -1 #xyz tv2 fid bid
           1.5000000000000000e+01   1.2063333333333301e+00   1.5692777777777802e+00 #xyz tv0
           1.5000000000000000e+01   1.4413333333333334e+00   1.1384444444444446e+00 #xyz tv1
           1.5000000000000000e+01   1.1906666666666668e+00   1.5092222222222222e+00 12 -1 #xyz tv2 fid bid
           1.5000000000000000e+01   1.2063333333333301e+00   1.5692777777777802e+00 #xyz ev0
           1.5000000000000000e+01   1.1906666666666668e+00   1.5092222222222222e+00 -1 6 #xyz ev1 fid bid
   0   0.000000000000e+00   0.000000000000e+00   0.000000000000e+00 #flag location
END_ERR 
G3dErrFileVersion 2018P3.1
FlagFileMetaData Begin
   Mesh Size - Setup1, Refinement, Pass #2, Freq. 3.000000e+10 :Title    
   Listing of mesh elements with poor quality. :ToolTip  
   hf3d :Author   
   1742071423 :TimeStamp
FlagFileMetaData End
BEGIN_ERR 
26 Small mesh segment detected on body : un_named
 Small mesh segment detected on body : un_named 
 Segment Statistics - Number of Segments : 1 --- Segment length(s) : 0.185746mm. The cutoff frequency for S-Matrix Only Solve is 8.88010835308057MHz 
2 -1  74  # nfids, fids[]
2 69  -1  # nbids, bids[]
      5 2 1 0 #ntets ntri ned npts
          -1.6655821202157632e+01   3.3759999999999998e+01   1.7539605451491238e+00 #xyz tv0
          -1.6880000000000003e+01   3.3759999999999998e+01   1.8800000000000001e+00 #xyz tv1
          -1.6850636028383086e+01   3.2923212572077787e+01   1.8800000000000003e+00 #xyz tv2
          -1.6687012837590363e+01   3.3759999999999998e+01   1.5708520765330003e+00 -1 69 #xyz tv3 fid bid
          -1.6655821202157632e+01   3.3759999999999998e+01   1.7539605451491238e+00 #xyz tv0
          -1.6687012837590363e+01   3.3759999999999998e+01   1.5708520765330003e+00 #xyz tv1
          -1.6850636028383086e+01   3.2923212572077787e+01   1.8800000000000003e+00 #xyz tv2
          -1.6410000000000004e+01   3.3759999999999998e+01   1.8800000000000001e+00 -1 69 #xyz tv3 fid bid
          -1.6655821202157632e+01   3.3759999999999998e+01   1.7539605451491238e+00 #xyz tv0
          -1.7416693592293310e+01   3.4638435874678891e+01   1.3536992459542148e+00 #xyz tv1
          -1.6880000000000003e+01   3.3759999999999998e+01   1.8800000000000001e+00 #xyz tv2
          -1.6687012837590363e+01   3.3759999999999998e+01   1.5708520765330003e+00 -1 69 #xyz tv3 fid bid
          -1.6340181832160120e+01   3.5125919946505114e+01   1.5902738412136255e+00 #xyz tv0
          -1.6655821202157632e+01   3.3759999999999998e+01   1.7539605451491238e+00 #xyz tv1
          -1.6410000000000004e+01   3.3759999999999998e+01   1.8800000000000001e+00 #xyz tv2
          -1.6687012837590363e+01   3.3759999999999998e+01   1.5708520765330003e+00 -1 69 #xyz tv3 fid bid
          -1.6340181832160120e+01   3.5125919946505114e+01   1.5902738412136255e+00 #xyz tv0
          -1.6655821202157632e+01   3.3759999999999998e+01   1.7539605451491238e+00 #xyz tv1
          -1.6687012837590363e+01   3.3759999999999998e+01   1.5708520765330003e+00 #xyz tv2
          -1.7416693592293310e+01   3.4638435874678891e+01   1.3536992459542148e+00 -1 69 #xyz tv3 fid bid
          -1.6655821202157632e+01   3.3759999999999998e+01   1.7539605451491238e+00 #xyz tv0
          -1.6687012837590363e+01   3.3759999999999998e+01   1.5708520765330003e+00 #xyz tv1
          -1.6410000000000004e+01   3.3759999999999998e+01   1.8800000000000001e+00 74 -1 #xyz tv2 fid bid
          -1.6655821202157632e+01   3.3759999999999998e+01   1.7539605451491238e+00 #xyz tv0
          -1.6880000000000003e+01   3.3759999999999998e+01   1.8800000000000001e+00 #xyz tv1
          -1.6687012837590363e+01   3.3759999999999998e+01   1.5708520765330003e+00 74 -1 #xyz tv2 fid bid
          -1.6655821202157632e+01   3.3759999999999998e+01   1.7539605451491238e+00 #xyz ev0
          -1.6687012837590363e+01   3.3759999999999998e+01   1.5708520765330003e+00 -1 69 #xyz ev1 fid bid
   0   0.000000000000e+00   0.000000000000e+00   0.000000000000e+00 #flag location
END_ERR 
G3dErrFileVersion 2018P3.1
FlagFileMetaData Begin
   Mesh Size - Setup1, Refinement, Pass #3, Freq. 3.000000e+10 :Title    
   Listing of mesh elements with poor quality. :ToolTip  
   hf3d :Author   
   1742071426 :TimeStamp
FlagFileMetaData End
BEGIN_ERR 
26 Small mesh segment detected on body : Box1
 Small mesh segment detected on body : Box1 
 Segment Statistics - Number of Segments : 1 --- Segment length(s) : 0.198198mm. The cutoff frequency for S-Matrix Only Solve is 8.88010835308057MHz 
2 -1  12  # nfids, fids[]
2 6  -1  # nbids, bids[]
      5 2 1 0 #ntets ntri ned npts
           1.5000000000000000e+01   1.2694145959549075e+00   1.6155687186920167e+00 #xyz tv0
           1.5000000000000000e+01   1.1025777818580176e+00   1.5085745289720640e+00 #xyz tv1
           1.4274592402725430e+01   9.4042780582156182e-01   1.8800000000000003e+00 #xyz tv2
           1.5000000000000000e+01   8.1107917785644545e-01   1.8800000000000001e+00 -1 6 #xyz tv3 fid bid
           1.4590485391148945e+01   1.5639346045869260e+00   1.3127785495533726e+00 #xyz tv0
           1.5000000000000000e+01   1.2694145959549075e+00   1.6155687186920167e+00 #xyz tv1
           1.5000000000000000e+01   1.1025777818580176e+00   1.5085745289720640e+00 #xyz tv2
           1.4274592402725430e+01   9.4042780582156182e-01   1.8800000000000003e+00 -1 6 #xyz tv3 fid bid
           1.5000000000000000e+01   1.2694145959549075e+00   1.6155687186920167e+00 #xyz tv0
           1.5516694891432380e+01   1.0271244497598531e+00   1.7418145451093534e+00 #xyz tv1
           1.5000000000000000e+01   1.1025777818580176e+00   1.5085745289720640e+00 #xyz tv2
           1.5000000000000000e+01   8.1107917785644545e-01   1.8800000000000001e+00 -1 6 #xyz tv3 fid bid
           1.4590485391148945e+01   1.5639346045869260e+00   1.3127785495533726e+00 #xyz tv0
           1.5000000000000000e+01   1.1025777818580176e+00   1.5085745289720640e+00 #xyz tv1
           1.5000000000000000e+01   1.2694145959549075e+00   1.6155687186920167e+00 #xyz tv2
           1.5000000000000000e+01   1.3823310819125789e+00   1.2453437725107366e+00 -1 6 #xyz tv3 fid bid
           1.5000000000000000e+01   1.3823310819125789e+00   1.2453437725107366e+00 #xyz tv0
           1.5000000000000000e+01   1.2694145959549075e+00   1.6155687186920167e+00 #xyz tv1
           1.5516694891432380e+01   1.0271244497598531e+00   1.7418145451093534e+00 #xyz tv2
           1.5000000000000000e+01   1.1025777818580176e+00   1.5085745289720640e+00 -1 6 #xyz tv3 fid bid
           1.5000000000000000e+01   1.2694145959549075e+00   1.6155687186920167e+00 #xyz tv0
           1.5000000000000000e+01   1.1025777818580176e+00   1.5085745289720640e+00 #xyz tv1
           1.5000000000000000e+01   8.1107917785644545e-01   1.8800000000000001e+00 12 -1 #xyz tv2 fid bid
           1.5000000000000000e+01   1.2694145959549075e+00   1.6155687186920167e+00 #xyz tv0
           1.5000000000000000e+01   1.3823310819125789e+00   1.2453437725107366e+00 #xyz tv1
           1.5000000000000000e+01   1.1025777818580176e+00   1.5085745289720640e+00 12 -1 #xyz tv2 fid bid
           1.5000000000000000e+01   1.2694145959549075e+00   1.6155687186920167e+00 #xyz ev0
           1.5000000000000000e+01   1.1025777818580176e+00   1.5085745289720640e+00 -1 6 #xyz ev1 fid bid
   0   0.000000000000e+00   0.000000000000e+00   0.000000000000e+00 #flag location
END_ERR 
G3dErrFileVersion 2018P3.1
FlagFileMetaData Begin
   Mesh Size - Setup1, Refinement, Pass #1, Freq. 3.000000e+10 :Title    
   Listing of mesh elements with poor quality. :ToolTip  
   hf3d :Author   
   1742071667 :TimeStamp
FlagFileMetaData End
BEGIN_ERR 
26 Small mesh segment detected on body : Box1
 Small mesh segment detected on body : Box1 
 Segment Statistics - Number of Segments : 1 --- Segment length(s) : 0.114244mm. The cutoff frequency for S-Matrix Only Solve is 8.88010835308057MHz 
2 -1  74  # nfids, fids[]
2 6  -1  # nbids, bids[]
      6 2 1 0 #ntets ntri ned npts
          -1.7833098523406512e+01   3.2996947870823931e+01   1.0798813011885338e+00 #xyz tv0
          -1.7351305555555559e+01   3.3759999999999998e+01   9.4326388888888890e-01 #xyz tv1
          -1.7702826388888887e+01   3.3759999999999998e+01   9.4081597222222224e-01 #xyz tv2
          -1.7352611111111099e+01   3.3759999999999998e+01   8.2902777777777803e-01 -1 6 #xyz tv3 fid bid
          -1.7351305555555559e+01   3.3759999999999998e+01   9.4326388888888890e-01 #xyz tv0
          -1.7737298166946822e+01   3.4363983252120697e+01   1.3955858044253193e+00 #xyz tv1
          -1.7702826388888887e+01   3.3759999999999998e+01   9.4081597222222224e-01 #xyz tv2
          -1.7352611111111099e+01   3.3759999999999998e+01   8.2902777777777803e-01 -1 6 #xyz tv3 fid bid
          -1.6938549868049030e+01   3.3258842139473053e+01   1.2042723275572789e+00 #xyz tv0
          -1.7352611111111099e+01   3.3759999999999998e+01   8.2902777777777803e-01 #xyz tv1
          -1.7351305555555559e+01   3.3759999999999998e+01   9.4326388888888890e-01 #xyz tv2
          -1.7833098523406512e+01   3.2996947870823931e+01   1.0798813011885338e+00 -1 6 #xyz tv3 fid bid
          -1.6407486693083790e+01   3.4505268047795624e+01   7.6392059574645788e-01 #xyz tv0
          -1.7352611111111099e+01   3.3759999999999998e+01   8.2902777777777803e-01 #xyz tv1
          -1.7737298166946822e+01   3.4363983252120697e+01   1.3955858044253193e+00 #xyz tv2
          -1.7351305555555559e+01   3.3759999999999998e+01   9.4326388888888890e-01 -1 6 #xyz tv3 fid bid
          -1.6885222222222225e+01   3.3759999999999998e+01   9.5305555555555554e-01 #xyz tv0
          -1.6938549868049030e+01   3.3258842139473053e+01   1.2042723275572789e+00 #xyz tv1
          -1.7352611111111099e+01   3.3759999999999998e+01   8.2902777777777803e-01 #xyz tv2
          -1.7351305555555559e+01   3.3759999999999998e+01   9.4326388888888890e-01 -1 6 #xyz tv3 fid bid
          -1.6407486693083790e+01   3.4505268047795624e+01   7.6392059574645788e-01 #xyz tv0
          -1.6885222222222225e+01   3.3759999999999998e+01   9.5305555555555554e-01 #xyz tv1
          -1.7352611111111099e+01   3.3759999999999998e+01   8.2902777777777803e-01 #xyz tv2
          -1.7351305555555559e+01   3.3759999999999998e+01   9.4326388888888890e-01 -1 6 #xyz tv3 fid bid
          -1.7352611111111099e+01   3.3759999999999998e+01   8.2902777777777803e-01 #xyz tv0
          -1.6885222222222225e+01   3.3759999999999998e+01   9.5305555555555554e-01 #xyz tv1
          -1.7351305555555559e+01   3.3759999999999998e+01   9.4326388888888890e-01 74 -1 #xyz tv2 fid bid
          -1.7351305555555559e+01   3.3759999999999998e+01   9.4326388888888890e-01 #xyz tv0
          -1.7702826388888887e+01   3.3759999999999998e+01   9.4081597222222224e-01 #xyz tv1
          -1.7352611111111099e+01   3.3759999999999998e+01   8.2902777777777803e-01 74 -1 #xyz tv2 fid bid
          -1.7351305555555559e+01   3.3759999999999998e+01   9.4326388888888890e-01 #xyz ev0
          -1.7352611111111099e+01   3.3759999999999998e+01   8.2902777777777803e-01 -1 6 #xyz ev1 fid bid
   0   0.000000000000e+00   0.000000000000e+00   0.000000000000e+00 #flag location
END_ERR 
G3dErrFileVersion 2018P3.1
FlagFileMetaData Begin
   Mesh Size - Setup1, Refinement, Pass #2, Freq. 3.000000e+10 :Title    
   Listing of mesh elements with poor quality. :ToolTip  
   hf3d :Author   
   1742071670 :TimeStamp
FlagFileMetaData End
BEGIN_ERR 
26 Small mesh segment detected on body : Box1
 Small mesh segment detected on body : Box1 
 Segment Statistics - Number of Segments : 1 --- Segment length(s) : 0.160055mm. The cutoff frequency for S-Matrix Only Solve is 8.88010835308057MHz 
2 -1  74  # nfids, fids[]
2 6  -1  # nbids, bids[]
      6 2 1 0 #ntets ntri ned npts
          -1.7352314098353979e+01   3.3759999999999998e+01   9.8303484429110044e-01 #xyz tv0
          -1.7377251668664186e+01   3.3184856791987798e+01   1.4154562728405884e+00 #xyz tv1
          -1.7274277777777801e+01   3.3759999999999998e+01   1.1227777777777801e+00 #xyz tv2
          -1.6950667696023906e+01   3.3385303689365912e+01   1.1482615498030857e+00 -1 6 #xyz tv3 fid bid
          -1.7352314098353979e+01   3.3759999999999998e+01   9.8303484429110044e-01 #xyz tv0
          -1.7274277777777801e+01   3.3759999999999998e+01   1.1227777777777801e+00 #xyz tv1
          -1.7377251668664186e+01   3.3184856791987798e+01   1.4154562728405884e+00 #xyz tv2
          -1.7521002657997272e+01   3.3759999999999998e+01   1.2144547663683789e+00 -1 6 #xyz tv3 fid bid
          -1.6913252986982808e+01   3.3759999999999998e+01   9.3623544376996937e-01 #xyz tv0
          -1.7274277777777801e+01   3.3759999999999998e+01   1.1227777777777801e+00 #xyz tv1
          -1.6950667696023906e+01   3.3385303689365912e+01   1.1482615498030857e+00 #xyz tv2
          -1.7352314098353979e+01   3.3759999999999998e+01   9.8303484429110044e-01 -1 6 #xyz tv3 fid bid
          -1.7521002657997272e+01   3.3759999999999998e+01   1.2144547663683789e+00 #xyz tv0
          -1.7737298166946822e+01   3.4363983252120697e+01   1.3955858044253193e+00 #xyz tv1
          -1.7352314098353979e+01   3.3759999999999998e+01   9.8303484429110044e-01 #xyz tv2
          -1.7274277777777801e+01   3.3759999999999998e+01   1.1227777777777801e+00 -1 6 #xyz tv3 fid bid
          -1.6407486693083790e+01   3.4505268047795624e+01   7.6392059574645788e-01 #xyz tv0
          -1.7274277777777801e+01   3.3759999999999998e+01   1.1227777777777801e+00 #xyz tv1
          -1.6913252986982808e+01   3.3759999999999998e+01   9.3623544376996937e-01 #xyz tv2
          -1.7352314098353979e+01   3.3759999999999998e+01   9.8303484429110044e-01 -1 6 #xyz tv3 fid bid
          -1.6407486693083790e+01   3.4505268047795624e+01   7.6392059574645788e-01 #xyz tv0
          -1.7737298166946822e+01   3.4363983252120697e+01   1.3955858044253193e+00 #xyz tv1
          -1.7274277777777801e+01   3.3759999999999998e+01   1.1227777777777801e+00 #xyz tv2
          -1.7352314098353979e+01   3.3759999999999998e+01   9.8303484429110044e-01 -1 6 #xyz tv3 fid bid
          -1.6913252986982808e+01   3.3759999999999998e+01   9.3623544376996937e-01 #xyz tv0
          -1.7274277777777801e+01   3.3759999999999998e+01   1.1227777777777801e+00 #xyz tv1
          -1.7352314098353979e+01   3.3759999999999998e+01   9.8303484429110044e-01 74 -1 #xyz tv2 fid bid
          -1.7521002657997272e+01   3.3759999999999998e+01   1.2144547663683789e+00 #xyz tv0
          -1.7352314098353979e+01   3.3759999999999998e+01   9.8303484429110044e-01 #xyz tv1
          -1.7274277777777801e+01   3.3759999999999998e+01   1.1227777777777801e+00 74 -1 #xyz tv2 fid bid
          -1.7274277777777801e+01   3.3759999999999998e+01   1.1227777777777801e+00 #xyz ev0
          -1.7352314098353979e+01   3.3759999999999998e+01   9.8303484429110044e-01 -1 6 #xyz ev1 fid bid
   0   0.000000000000e+00   0.000000000000e+00   0.000000000000e+00 #flag location
END_ERR 
G3dErrFileVersion 2018P3.1
FlagFileMetaData Begin
   Mesh Size - Setup1, Refinement, Pass #3, Freq. 3.000000e+10 :Title    
   Listing of mesh elements with poor quality. :ToolTip  
   hf3d :Author   
   1742071674 :TimeStamp
FlagFileMetaData End
BEGIN_ERR 
26 Small mesh segment detected on body : Box1
 Small mesh segment detected on body : Box1 
 Segment Statistics - Number of Segments : 1 --- Segment length(s) : 0.160055mm. The cutoff frequency for S-Matrix Only Solve is 8.88010835308057MHz 
2 -1  74  # nfids, fids[]
2 6  -1  # nbids, bids[]
      6 2 1 0 #ntets ntri ned npts
          -1.7352314098353979e+01   3.3759999999999998e+01   9.8303484429110044e-01 #xyz tv0
          -1.7379452509481155e+01   3.3223997209533437e+01   1.4013172729626089e+00 #xyz tv1
          -1.7274277777777801e+01   3.3759999999999998e+01   1.1227777777777801e+00 #xyz tv2
          -1.6950667696023906e+01   3.3385303689365912e+01   1.1482615498030857e+00 -1 6 #xyz tv3 fid bid
          -1.7352314098353979e+01   3.3759999999999998e+01   9.8303484429110044e-01 #xyz tv0
          -1.7274277777777801e+01   3.3759999999999998e+01   1.1227777777777801e+00 #xyz tv1
          -1.7379452509481155e+01   3.3223997209533437e+01   1.4013172729626089e+00 #xyz tv2
          -1.7521002657997272e+01   3.3759999999999998e+01   1.2144547663683789e+00 -1 6 #xyz tv3 fid bid
          -1.6913252986982808e+01   3.3759999999999998e+01   9.3623544376996937e-01 #xyz tv0
          -1.7274277777777801e+01   3.3759999999999998e+01   1.1227777777777801e+00 #xyz tv1
          -1.6950667696023906e+01   3.3385303689365912e+01   1.1482615498030857e+00 #xyz tv2
          -1.7352314098353979e+01   3.3759999999999998e+01   9.8303484429110044e-01 -1 6 #xyz tv3 fid bid
          -1.7521002657997272e+01   3.3759999999999998e+01   1.2144547663683789e+00 #xyz tv0
          -1.7737298166946822e+01   3.4363983252120697e+01   1.3955858044253193e+00 #xyz tv1
          -1.7352314098353979e+01   3.3759999999999998e+01   9.8303484429110044e-01 #xyz tv2
          -1.7274277777777801e+01   3.3759999999999998e+01   1.1227777777777801e+00 -1 6 #xyz tv3 fid bid
          -1.6407486693083790e+01   3.4505268047795624e+01   7.6392059574645788e-01 #xyz tv0
          -1.7274277777777801e+01   3.3759999999999998e+01   1.1227777777777801e+00 #xyz tv1
          -1.6913252986982808e+01   3.3759999999999998e+01   9.3623544376996937e-01 #xyz tv2
          -1.7352314098353979e+01   3.3759999999999998e+01   9.8303484429110044e-01 -1 6 #xyz tv3 fid bid
          -1.6407486693083790e+01   3.4505268047795624e+01   7.6392059574645788e-01 #xyz tv0
          -1.7737298166946822e+01   3.4363983252120697e+01   1.3955858044253193e+00 #xyz tv1
          -1.7274277777777801e+01   3.3759999999999998e+01   1.1227777777777801e+00 #xyz tv2
          -1.7352314098353979e+01   3.3759999999999998e+01   9.8303484429110044e-01 -1 6 #xyz tv3 fid bid
          -1.6913252986982808e+01   3.3759999999999998e+01   9.3623544376996937e-01 #xyz tv0
          -1.7274277777777801e+01   3.3759999999999998e+01   1.1227777777777801e+00 #xyz tv1
          -1.7352314098353979e+01   3.3759999999999998e+01   9.8303484429110044e-01 74 -1 #xyz tv2 fid bid
          -1.7521002657997272e+01   3.3759999999999998e+01   1.2144547663683789e+00 #xyz tv0
          -1.7352314098353979e+01   3.3759999999999998e+01   9.8303484429110044e-01 #xyz tv1
          -1.7274277777777801e+01   3.3759999999999998e+01   1.1227777777777801e+00 74 -1 #xyz tv2 fid bid
          -1.7274277777777801e+01   3.3759999999999998e+01   1.1227777777777801e+00 #xyz ev0
          -1.7352314098353979e+01   3.3759999999999998e+01   9.8303484429110044e-01 -1 6 #xyz ev1 fid bid
   0   0.000000000000e+00   0.000000000000e+00   0.000000000000e+00 #flag location
END_ERR 
